cam0:
  cam_overlaps: [1]
  camera_model: ds
  distortion_coeffs: []
  distortion_model: none
  intrinsics: [-0.2052973263179309, 0.6069607063629081, 473.0046890222281, 472.7383084170181, 649.3017240853445, 404.43110865828345]
  resolution: [1280, 800]
  rostopic: /image/left
cam1:
  T_cn_cnm1:
  - [0.9988884042978602, 0.02775591830072959, -0.03809940627559545, -0.054242223203352556]
  - [-0.028885918518815223, 0.9991491919144755, -0.02943630425121762, 0.0022835355828172248]
  - [0.03724995933681037, 0.03050411932721725, 0.9988402971613991, -0.0028644840064095105]
  - [0.0, 0.0, 0.0, 1.0]
  cam_overlaps: [0]
  camera_model: ds
  distortion_coeffs: []
  distortion_model: none
  intrinsics: [-0.2087463414381405, 0.6060067204283248, 474.3741198147794, 474.09190913447054, 633.864615501772, 386.68744084372213]
  resolution: [1280, 800]
  rostopic: /image/right
