imu_to_body:
  w: 0.0610485
  x: 0.0
  y: 0.9981348
  z: 0.0
