cam0:
  cam_overlaps: [1]
  camera_model: eucm
  distortion_coeffs: []
  distortion_model: none
  intrinsics: [0.6479407491846148, 1.0845856049025637, 594.8718134843267, 594.5593955916213, 649.023914828426, 404.6271203626701]
  resolution: [1280, 800]
  rostopic: /image/left
cam1:
  T_cn_cnm1:
  - [0.998883113903419, 0.027748257060162925, -0.038243417586910654, -0.05424272693532199]
  - [-0.02887841183406945, 0.9991527412696345, -0.029322976371969855, 0.00227362098365992]
  - [0.037397354031342735, 0.030394635110366813, 0.9988381270596134, -0.002845172292475171]
  - [0.0, 0.0, 0.0, 1.0]
  cam_overlaps: [0]
  camera_model: eucm
  distortion_coeffs: []
  distortion_model: none
  intrinsics: [0.6511046202476884, 1.078303408651318, 599.0139430909766, 598.751248341276, 633.635704587134, 386.8508382464395]
  resolution: [1280, 800]
  rostopic: /image/right
