cam0:
  cam_overlaps: [1]
  camera_model: omni
  distortion_coeffs: [-0.08254801258163759, 0.639815336420048, 0.0002942719992175523, 0.0008284746648373068]
  distortion_model: radtan
  intrinsics: [2.1867103291495757, 1894.35223118623, 1893.268705705757, 648.6881604850929, 404.3999724124484]
  resolution: [1280, 800]
  rostopic: /image/left
cam1:
  T_cn_cnm1:
  - [0.9988807249460029, 0.027773990095207157, -0.038287110174803116, -0.05429541590812886]
  - [-0.02890253959615199, 0.9991543440612082, -0.02924448577951236, 0.0022594916814300627]
  - [0.03744249639432504, 0.03031834787396188, 0.9988387543772782, -0.0028283786989702128]
  - [0.0, 0.0, 0.0, 1.0]
  cam_overlaps: [0]
  camera_model: omni
  distortion_coeffs: [-0.07242590841884236, 0.7009381876061498, -0.00014637325466726743, -9.738613948335297e-05]
  distortion_model: radtan
  intrinsics: [2.2153777939580683, 1925.138276123666, 1924.0404172073959, 633.5533953220558, 386.6524262119778]
  resolution: [1280, 800]
  rostopic: /image/right
