distortion_model: ""
distortion_coefficients: []

K:
  fx: 252.07471375549554
  fy: 252.07471375549554
  cx: 360.0
  cy: 360.0

P:
  fx: 252.07471375549554
  fy: 252.07471375549554
  cx: 360.0
  cy: 360.0
  Tx: -25.207471375549554
